0 : frame0000.ply
cloud: (279664, 3)
pcvoxel (32, 32, 32, 1) (1028, 8, 8, 8, 1)
num of point: 1028 gtocc: (1028, 8)
preocc: (1028, 8)
five at first: (1028, 8, 8, 8, 1) (1028, 3) (1028, 8, 3) (1028, 8, 4, 4, 4, 1) (1028, 8)
sample_pqvgtocc: (8, 8, 8, 8, 1) (8, 512, 3) (8, 1, 3) (8, 4, 4, 4, 1) (8, 1)
0 : frame0000.ply
cloud: (279664, 3)
pcvoxel (64, 64, 64, 1) (4083, 8, 8, 8, 1)
num of point: 4083 gtocc: (4083, 8)
preocc: (4083, 8)
five at first: (4083, 8, 8, 8, 1) (4083, 3) (4083, 8, 3) (4083, 8, 4, 4, 4, 1) (4083, 8)
sample_pqvgtocc: (8, 8, 8, 8, 1) (8, 512, 3) (8, 1, 3) (8, 4, 4, 4, 1) (8, 1)
